0.515000000000000
0.470000000000000
0.388000000000000
0.427000000000000
0.455000000000000
0.499000000000000
0.462000000000000
0.430000000000000
0.424000000000000
0.436000000000000
0.480000000000000
0.405000000000000
0.423000000000000
0.478000000000000
0.514000000000000
0.397000000000000
0.468000000000000
0.392000000000000
0.0270000000000000
0.484000000000000
0.410000000000000
0.454000000000000
0.467000000000000
0.485000000000000
0.486000000000000
0.387000000000000
0.0370000000000000
0.457000000000000
0.435000000000000
0.425000000000000
0.484000000000000
0.448000000000000
0.464000000000000
0.443000000000000
0.497000000000000
0.480000000000000
0.472000000000000
0.413000000000000
0.449000000000000
0.516000000000000
0.455000000000000
0.415000000000000
0.392000000000000
0.430000000000000
0.100000000000000
0.439000000000000
0.394000000000000
0.483000000000000
0.448000000000000
0.488000000000000
0.440000000000000
0.466000000000000
0.425000000000000
0.471000000000000
0.518000000000000
0.463000000000000
0.400000000000000
0.454000000000000
0.402000000000000
0.522000000000000
0.438000000000000
0.403000000000000
0.330000000000000
0.246000000000000
0.308000000000000
0.348000000000000
0.289000000000000
0.298000000000000
0.419000000000000
0.443000000000000
0.218000000000000
0.277000000000000
0.452000000000000
0.218000000000000
0.277000000000000
0.443000000000000
0.195000000000000
0.271000000000000
0.197000000000000
0.290000000000000
0.431000000000000
0.445000000000000
0.412000000000000
0.527000000000000
0.408000000000000
0.476000000000000
0.437000000000000
0.476000000000000
0.496000000000000
0.370000000000000
0.239000000000000
0.283000000000000
0.152000000000000
0.272000000000000
0.441000000000000
0.509000000000000
0.471000000000000
0.490000000000000
0.401000000000000
0.455000000000000
0.439000000000000
0.771000000000000
0.245000000000000
0.279000000000000
0.343000000000000
0.289000000000000
0.381000000000000
0.608000000000000
0.292000000000000
0.421000000000000
0.457000000000000
0.399000000000000
0.435000000000000
0.452000000000000
0.527000000000000
0.372000000000000
0.506000000000000
0.458000000000000
0.468000000000000
0.435000000000000
0.392000000000000
0.445000000000000
0.538000000000000
0.438000000000000
0.459000000000000
0.471000000000000
0.449000000000000
0.495000000000000
0.495000000000000
0.454000000000000
0.384000000000000
0.390000000000000
0.496000000000000
0.304000000000000
0.580000000000000
0.520000000000000
0.454000000000000
0.437000000000000
0.268000000000000
0.333000000000000
0.206000000000000
0.227000000000000
0.228000000000000
0.227000000000000
0.236000000000000
0.226000000000000
0.397000000000000
0.412000000000000
0.449000000000000
0.426000000000000
0.300000000000000
0.189000000000000
0.162000000000000
0.158000000000000
0.166000000000000
0.165000000000000
0.171000000000000
0.168000000000000
0.172000000000000
0.156000000000000
0.167000000000000
0.168000000000000
0.153000000000000
0.160000000000000
0.195000000000000
0.760000000000000
1.07800000000000
1.41300000000000
0.438000000000000
0.475000000000000
0.456000000000000
0.460000000000000
0.485000000000000
0.406000000000000
0.455000000000000
0.434000000000000
0.466000000000000
0.421000000000000
0.463000000000000
0.520000000000000
0.433000000000000
0.421000000000000
0.476000000000000
0.447000000000000
0.448000000000000
0.454000000000000
0.447000000000000
0.492000000000000
0.451000000000000
0.484000000000000
0.461000000000000
0.444000000000000
0.462000000000000
0.430000000000000
0.429000000000000
0.396000000000000
0.470000000000000
0.416000000000000
0.766000000000000
0.168000000000000
0.477000000000000
0.478000000000000
0.486000000000000
0.525000000000000
0.401000000000000
0.470000000000000
0.498000000000000
0.376000000000000
0.476000000000000
0.404000000000000
0.467000000000000
0.432000000000000
0.452000000000000
0.415000000000000
0.492000000000000
0.450000000000000
0.449000000000000
0.456000000000000
0.480000000000000
0.496000000000000
0.432000000000000
0.423000000000000
0.479000000000000
0.528000000000000
0.417000000000000
0.430000000000000
0.449000000000000
0.493000000000000
0.412000000000000
0.205000000000000
0.225000000000000
0.0860000000000000
0.269000000000000
0.262000000000000
0.339000000000000
0.535000000000000
0.314000000000000
0.513000000000000
0.502000000000000
0.386000000000000
0.474000000000000
0.500000000000000
0.448000000000000
0.466000000000000
0.444000000000000
0.495000000000000
0.426000000000000
0.446000000000000
0.426000000000000
0.464000000000000
0.458000000000000
0.470000000000000
0.482000000000000
0.411000000000000
0.470000000000000
0.410000000000000
0.420000000000000
0.0140000000000000
0.458000000000000
0.470000000000000
0.459000000000000
0.450000000000000
0.423000000000000
0.484000000000000
0.328000000000000
0.258000000000000
0.282000000000000
0.348000000000000
0.292000000000000
0.331000000000000
0.433000000000000
0.411000000000000
0.452000000000000
0.473000000000000
0.504000000000000
0.423000000000000
0.476000000000000
0.424000000000000
0.507000000000000
0.447000000000000
0.469000000000000
0.426000000000000
0.461000000000000
0.464000000000000
0.425000000000000
0.489000000000000
0.474000000000000
0.365000000000000
0.230000000000000
0.279000000000000
0.419000000000000
0.487000000000000
0.463000000000000
0.516000000000000
0.416000000000000
0.454000000000000
0.458000000000000
0.467000000000000
0.389000000000000
0.321000000000000
0.404000000000000
0.191000000000000
0.319000000000000
0.304000000000000
0.436000000000000
0.616000000000000
1.26800000000000
0.449000000000000
0.497000000000000
0.992000000000000
0.465000000000000
1.03100000000000
0.746000000000000
0.538000000000000
0.631000000000000
0.467000000000000
0.438000000000000
0.425000000000000
0.422000000000000
0.467000000000000
0.457000000000000
0.411000000000000
0.485000000000000
0.437000000000000
0.461000000000000
0.444000000000000
0.444000000000000
0.477000000000000
0.395000000000000
0.483000000000000
0.488000000000000
0.196000000000000
0.335000000000000
0.123000000000000
0.246000000000000
0.178000000000000
0.257000000000000
0.373000000000000
0.195000000000000
0.477000000000000
0.106000000000000
0.0970000000000000
0.0990000000000000
0.114000000000000
0.109000000000000
0.0600000000000000
0.126000000000000
0.0890000000000000
0.108000000000000
0.104000000000000
0.117000000000000
0.0760000000000000
0.122000000000000
0.102000000000000
0.106000000000000
0.0910000000000000
0.126000000000000
0.0740000000000000
0.128000000000000
0.0690000000000000
0.140000000000000
0.0730000000000000
0.121000000000000
0.0740000000000000
0.131000000000000
0.102000000000000
0.103000000000000
0.0920000000000000
0.119000000000000
0.0850000000000000
0.153000000000000
0.0750000000000000
0.122000000000000
0.0870000000000000
0.421000000000000
0.626000000000000
2.14900000000000
0.467000000000000
0.408000000000000
0.491000000000000
0.443000000000000
0.486000000000000
0.385000000000000
0.548000000000000
0.386000000000000
0.445000000000000
0.460000000000000
0.441000000000000
0.505000000000000
0.428000000000000
0.445000000000000
0.578000000000000
0.389000000000000
0.413000000000000
0.433000000000000
0.439000000000000
0.469000000000000
0.452000000000000
0.466000000000000
0.547000000000000
0.345000000000000
0.444000000000000
0.447000000000000
0.459000000000000
0.507000000000000
0.406000000000000
0.465000000000000
0.444000000000000
0.512000000000000
0.455000000000000
0.415000000000000
0.487000000000000
0.417000000000000
0.437000000000000
0.514000000000000
0.448000000000000
0.456000000000000
0.474000000000000
0.391000000000000
0.441000000000000
0.537000000000000
0.418000000000000
0.460000000000000
0.459000000000000
0.475000000000000
0.453000000000000
0.438000000000000
0.231000000000000
0.275000000000000
0.677000000000000
0.183000000000000
0.415000000000000
0.250000000000000
0.267000000000000
0.460000000000000
0.431000000000000
0.418000000000000
0.468000000000000
0.515000000000000
0.341000000000000
0.217000000000000
0.326000000000000
0.328000000000000
0.222000000000000
0.376000000000000
0.363000000000000
0.463000000000000
0.501000000000000
0.405000000000000
0.444000000000000
0.458000000000000
0.479000000000000
0.440000000000000
0.529000000000000
0.383000000000000
0.450000000000000
0.466000000000000
0.446000000000000
0.442000000000000
0.443000000000000
0.460000000000000
0.464000000000000
0.470000000000000
0.453000000000000
0.449000000000000
0.486000000000000
0.435000000000000
0.476000000000000
0.402000000000000
0.470000000000000
0.458000000000000
0.471000000000000
0.450000000000000
0.352000000000000
0.559000000000000
0.492000000000000
0.438000000000000
0.465000000000000
0.472000000000000
0.452000000000000
0.492000000000000
0.358000000000000
0.275000000000000
0.262000000000000
0.255000000000000
0.190000000000000
0.436000000000000
0.415000000000000
0.428000000000000
0.487000000000000
0.544000000000000
0.391000000000000
0.450000000000000
0.399000000000000
0.448000000000000
0.495000000000000
0.430000000000000
0.436000000000000
0.478000000000000
0.350000000000000
0.366000000000000
0.217000000000000
0.143000000000000
0.232000000000000
0.563000000000000
0.598000000000000
0.329000000000000
0.430000000000000
0.365000000000000
0.577000000000000
0.330000000000000
0.531000000000000
0.422000000000000
0.457000000000000
0.425000000000000
0.633000000000000
0.353000000000000
0.430000000000000
0.248000000000000
0.241000000000000
0.308000000000000
0.253000000000000
0.299000000000000
0.459000000000000
0.487000000000000
0.463000000000000
1.68200000000000
9.24100000000000
0.493000000000000
0.522000000000000
0.501000000000000
0.472000000000000
0.435000000000000
0.456000000000000
0.445000000000000
0.442000000000000
0.469000000000000
0.474000000000000
0.466000000000000
0.501000000000000
0.451000000000000
0.450000000000000
0.452000000000000
0.448000000000000
0.488000000000000
0.431000000000000
0.458000000000000
0.433000000000000
0.504000000000000
0.462000000000000
0.446000000000000
0.500000000000000
0.476000000000000
0.467000000000000
0.459000000000000
0.466000000000000
0.396000000000000
0.518000000000000
0.407000000000000
0.471000000000000
0.481000000000000
0.410000000000000
0.557000000000000
0.401000000000000
0.474000000000000
0.400000000000000
0.459000000000000
0.516000000000000
0.451000000000000
0.474000000000000
1.51100000000000
0.0700000000000000