0.495000000000000
0.974000000000000
0.443000000000000
0.475000000000000
1.86900000000000
0.755000000000000
0.775000000000000
0.293000000000000
1.62900000000000
0.267000000000000
1.02700000000000
0.411000000000000
0.480000000000000
1.62200000000000
0.872000000000000
0.768000000000000
0.283000000000000
1.73700000000000
0.500000000000000
0.482000000000000
0.501000000000000
0.466000000000000
0.487000000000000
0.464000000000000
0.395000000000000
0.461000000000000
0.480000000000000
0.470000000000000
0.449000000000000
0.483000000000000
0.468000000000000
0.463000000000000
0.480000000000000
0.433000000000000
0.467000000000000
0.427000000000000
0.457000000000000
0.455000000000000
0.483000000000000
0.446000000000000
0.490000000000000
0.429000000000000
0.511000000000000
0.240000000000000
0.241000000000000
0.432000000000000
0.433000000000000
0.268000000000000
1.18200000000000
0.392000000000000
0.211000000000000
0.326000000000000
0.354000000000000
0.209000000000000
0.378000000000000
0.385000000000000
0.224000000000000
0.338000000000000
0.385000000000000
0.243000000000000
0.344000000000000
0.375000000000000
0.224000000000000
0.291000000000000
0.361000000000000
0.261000000000000
0.306000000000000
0.384000000000000
0.262000000000000
0.349000000000000
0.350000000000000
0.221000000000000
0.378000000000000
0.338000000000000
0.249000000000000
0.224000000000000
0.459000000000000
0.246000000000000
0.291000000000000
0.416000000000000
0.199000000000000
0.333000000000000
0.361000000000000
0.326000000000000
0.289000000000000
0.350000000000000
0.175000000000000
0.355000000000000
0.347000000000000
0.231000000000000
0.392000000000000
0.338000000000000
0.204000000000000
0.358000000000000
0.374000000000000
0.192000000000000
0.316000000000000
0.421000000000000
0.525000000000000
0.455000000000000
0.437000000000000
0.491000000000000
0.479000000000000
0.458000000000000
0.439000000000000
0.500000000000000
0.485000000000000
0.456000000000000
0.408000000000000
3.45400000000000
0.441000000000000
0.235000000000000
0.242000000000000
0.207000000000000
0.317000000000000
0.353000000000000
0.241000000000000
0.255000000000000
0.258000000000000
0.204000000000000
0.241000000000000
0.343000000000000
0.357000000000000
0.218000000000000
0.291000000000000
0.208000000000000
0.246000000000000
0.180000000000000
0.220000000000000
0.440000000000000
0.212000000000000
0.276000000000000
0.283000000000000
0.440000000000000
0.458000000000000
0.184000000000000
0.466000000000000
0.227000000000000
0.277000000000000
0.236000000000000
0.349000000000000
0.370000000000000
0.237000000000000
0.254000000000000
0.233000000000000
0.209000000000000
0.245000000000000
0.272000000000000
0.374000000000000
0.210000000000000
0.264000000000000
0.279000000000000
0.226000000000000
0.261000000000000
0.274000000000000
0.402000000000000
0.230000000000000
0.220000000000000
0.333000000000000
0.417000000000000
0.450000000000000
0.252000000000000
0.597000000000000
0.232000000000000
0.408000000000000
0.478000000000000
0.434000000000000
0.467000000000000
0.486000000000000
0.471000000000000
0.435000000000000
0.473000000000000
0.467000000000000
0.479000000000000
0.456000000000000
0.464000000000000
0.459000000000000
0.492000000000000
0.454000000000000
0.457000000000000
0.471000000000000
0.428000000000000
0.511000000000000
0.445000000000000
0.493000000000000
0.446000000000000
0.432000000000000
0.467000000000000
0.457000000000000
0.466000000000000
0.469000000000000
0.480000000000000
0.480000000000000
0.439000000000000
0.550000000000000
0.400000000000000
0.256000000000000
0.235000000000000
0.428000000000000
0.243000000000000
0.282000000000000
0.369000000000000
0.215000000000000
0.375000000000000
0.315000000000000
0.276000000000000
0.298000000000000
0.438000000000000
0.423000000000000
0.458000000000000
0.459000000000000
0.449000000000000
0.462000000000000
0.444000000000000
0.461000000000000
0.436000000000000
0.500000000000000
0.467000000000000
0.285000000000000
0.239000000000000
0.408000000000000
0.465000000000000
0.392000000000000
0.502000000000000
0.464000000000000
0.413000000000000
0.382000000000000
0.226000000000000
0.338000000000000
0.512000000000000
0.480000000000000
0.401000000000000
0.232000000000000
0.319000000000000
0.437000000000000
0.449000000000000
0.421000000000000
0.484000000000000
0.486000000000000
0.496000000000000
0.449000000000000
0.428000000000000
0.502000000000000
0.446000000000000
0.421000000000000
0.414000000000000
0.420000000000000
0.570000000000000
0.578000000000000
0.428000000000000
0.437000000000000
0.478000000000000
0.458000000000000
0.515000000000000
0.451000000000000
0.472000000000000
0.436000000000000
0.438000000000000
0.454000000000000
0.477000000000000
0.419000000000000
0.457000000000000
0.458000000000000
0.186000000000000
0.383000000000000
0.379000000000000
0.198000000000000
0.377000000000000
0.349000000000000
0.235000000000000
0.345000000000000
0.329000000000000
0.212000000000000
0.322000000000000
0.401000000000000
0.494000000000000
0.505000000000000
0.424000000000000
0.457000000000000
0.442000000000000
0.492000000000000
0.464000000000000
0.492000000000000
0.423000000000000
0.464000000000000
0.457000000000000
0.410000000000000
0.205000000000000
0.262000000000000
0.199000000000000
0.246000000000000
0.279000000000000
0.276000000000000
0.192000000000000
0.258000000000000
0.189000000000000
0.274000000000000
0.194000000000000
0.187000000000000
0.193000000000000
0.371000000000000
0.211000000000000
0.209000000000000
0.204000000000000
0.298000000000000
0.209000000000000
0.250000000000000
0.172000000000000
0.250000000000000
0.216000000000000
0.229000000000000
0.194000000000000
0.302000000000000
0.202000000000000
0.232000000000000
0.235000000000000
0.286000000000000
0.208000000000000
0.245000000000000
0.197000000000000
0.280000000000000
0.216000000000000
0.211000000000000
0.200000000000000
0.257000000000000
0.207000000000000
0.242000000000000
0.237000000000000
0.267000000000000
0.405000000000000
0.458000000000000
0.451000000000000
0.466000000000000
0.460000000000000
0.444000000000000
0.478000000000000
0.446000000000000
0.456000000000000
0.525000000000000
0.494000000000000
0.417000000000000
0.439000000000000
0.452000000000000
0.440000000000000
0.443000000000000
0.398000000000000
0.193000000000000
0.243000000000000
0.231000000000000
0.249000000000000
0.202000000000000
0.327000000000000
0.309000000000000
0.462000000000000
0.391000000000000
0.229000000000000
0.207000000000000
0.193000000000000
0.210000000000000
0.206000000000000
0.219000000000000
0.201000000000000
0.324000000000000
0.194000000000000
0.207000000000000
0.268000000000000
0.699000000000000
0.216000000000000
0.214000000000000
0.178000000000000
0.281000000000000
0.225000000000000
0.538000000000000
0.182000000000000
0.218000000000000
0.188000000000000
0.431000000000000
0.360000000000000
0.280000000000000
0.343000000000000
0.216000000000000
0.168000000000000
0.614000000000000
0.385000000000000
0.333000000000000
0.233000000000000
0.374000000000000
0.294000000000000
0.489000000000000
0.592000000000000
0.221000000000000
0.230000000000000
0.241000000000000
0.244000000000000
0.294000000000000
0.267000000000000
0.395000000000000
0.287000000000000
0.182000000000000
0.269000000000000
0.203000000000000
0.280000000000000
0.220000000000000
0.426000000000000
0.236000000000000
0.257000000000000
0.208000000000000
0.469000000000000
0.396000000000000
0.423000000000000
0.165000000000000
0.400000000000000
0.469000000000000
0.466000000000000
0.432000000000000
0.436000000000000
0.505000000000000
0.469000000000000
0.411000000000000
0.484000000000000
0.468000000000000
0.469000000000000
0.518000000000000
0.459000000000000
0.457000000000000
0.534000000000000
0.449000000000000
0.542000000000000
0.551000000000000
0.487000000000000
0.427000000000000
0.470000000000000
0.441000000000000
0.445000000000000
0.464000000000000
0.442000000000000
0.521000000000000
0.460000000000000
0.453000000000000
0.464000000000000
0.428000000000000
0.505000000000000
0.411000000000000
0.514000000000000
0.478000000000000
0.486000000000000
0.430000000000000
0.444000000000000
0.455000000000000
0.428000000000000
0.501000000000000
0.459000000000000
0.437000000000000
0.444000000000000
0.486000000000000
0.483000000000000
0.456000000000000
0.458000000000000
0.495000000000000
0.416000000000000
0.485000000000000
0.435000000000000
0.507000000000000
0.423000000000000
0.517000000000000
0.406000000000000
0.544000000000000
0.362000000000000
0.517000000000000
0.444000000000000
0.488000000000000
0.450000000000000
0.460000000000000
0.462000000000000
0.510000000000000
0.426000000000000
0.463000000000000
0.476000000000000
0.493000000000000
0.399000000000000
0.534000000000000
0.406000000000000
0.532000000000000
0.468000000000000
0.468000000000000
0.495000000000000
0.428000000000000
0.453000000000000
0.468000000000000
0.411000000000000
0.448000000000000
0.465000000000000
0.481000000000000
0.410000000000000
0.541000000000000
0.426000000000000
0.493000000000000
0.458000000000000
0.522000000000000
0.406000000000000
0.506000000000000
0.448000000000000
0.480000000000000
0.408000000000000
0.525000000000000
0.342000000000000
0.378000000000000
0.432000000000000
0.437000000000000
0.458000000000000
0.443000000000000
0.419000000000000
0.179000000000000
0.219000000000000
0.229000000000000
0.244000000000000
0.176000000000000
0.246000000000000
0.254000000000000
0.288000000000000
0.174000000000000
0.252000000000000
0.208000000000000
0.240000000000000
0.185000000000000
0.279000000000000
0.204000000000000
0.254000000000000
0.178000000000000
0.265000000000000
0.246000000000000
0.216000000000000
0.227000000000000
0.215000000000000
0.215000000000000
0.268000000000000
0.495000000000000
0.487000000000000
0.452000000000000
0.476000000000000
0.442000000000000
0.453000000000000
0.412000000000000
0.433000000000000
0.247000000000000
0.159000000000000
0.184000000000000
0.157000000000000
0.163000000000000
0.171000000000000
0.203000000000000
0.163000000000000
0.180000000000000
0.197000000000000
0.209000000000000
0.169000000000000
0.188000000000000
0.213000000000000
0.240000000000000
0.208000000000000
0.168000000000000
0.179000000000000
0.263000000000000
0.169000000000000
0.257000000000000
0.233000000000000
0.190000000000000
0.509000000000000
0.156000000000000
0.246000000000000
0.215000000000000
0.252000000000000
0.196000000000000
0.268000000000000
0.189000000000000
0.334000000000000
0.173000000000000
0.252000000000000
0.212000000000000
0.267000000000000
0.193000000000000
0.219000000000000
0.225000000000000
0.324000000000000
0.207000000000000
0.251000000000000
0.211000000000000
0.235000000000000
0.248000000000000
0.199000000000000
0.216000000000000
0.237000000000000
0.168000000000000
0.269000000000000
0.258000000000000
0.220000000000000
0.501000000000000
0.511000000000000
0.433000000000000
0.454000000000000
0.440000000000000
0.459000000000000
0.521000000000000
0.472000000000000
0.484000000000000
0.402000000000000
0.332000000000000
0.305000000000000
0.364000000000000
0.417000000000000
0.413000000000000
0.473000000000000
0.458000000000000
0.448000000000000
0.462000000000000
0.457000000000000
0.436000000000000
0.512000000000000
0.493000000000000
0.446000000000000
0.484000000000000
0.439000000000000
0.481000000000000
0.431000000000000
0.449000000000000
0.508000000000000
0.514000000000000
0.418000000000000
0.495000000000000
0.437000000000000
0.454000000000000
0.429000000000000
0.500000000000000
0.514000000000000
0.480000000000000
0.406000000000000
0.538000000000000
0.425000000000000
0.463000000000000
0.443000000000000
0.476000000000000
0.494000000000000
0.486000000000000
0.428000000000000
0.464000000000000
0.485000000000000
0.464000000000000
0.445000000000000
0.408000000000000
0.493000000000000
0.469000000000000
0.466000000000000
0.505000000000000
0.444000000000000
0.482000000000000
0.472000000000000
0.437000000000000
0.454000000000000
0.469000000000000
0.477000000000000
0.467000000000000
0.513000000000000
0.450000000000000
0.424000000000000
0.500000000000000
0.445000000000000
0.400000000000000
0.421000000000000
0.458000000000000
0.640000000000000
0.490000000000000
0.437000000000000
0.443000000000000
0.534000000000000
0.519000000000000
0.487000000000000
0.215000000000000
0.849000000000000
0.199000000000000
0.231000000000000
0.216000000000000
0.205000000000000
0.222000000000000
0.274000000000000
1.44800000000000