0.46439909297052151,
0.48761904761904773,
0.46439909297052151,
0.46439909297052129,
0.46439909297052173,
0.46439909297052173,
0.4876190476190474,
0.46439909297052129,
0.46439909297052218,
0.46439909297052129,
0.46439909297052129,
0.48761904761904784,
0.46439909297052129,
0.46439909297052218,
0.46439909297052129,
0.46439909297052129,
0.46439909297052129,
0.48761904761904873,
0.4643990929705204,
0.46439909297052218,
0.4643990929705204,
0.46439909297052218,
0.48761904761904873,
0.4643990929705204,
0.46439909297052218,
0.4643990929705204,
0.46439909297052218,
0.48761904761904695,
0.46439909297052218,
0.46439909297052218,
0.4643990929705204,
0.46439909297052218,
0.46439909297052218,
0.48761904761904873,
0.4643990929705204,
0.4643990929705204,
0.4643990929705204,
0.46439909297052395,
0.48761904761904518,
0.46439909297052395,
0.4643990929705204,
0.4643990929705204,
0.46439909297052395,
0.48761904761904518,
0.46439909297052395,
0.4643990929705204,
0.4643990929705204,
0.46439909297052395,
0.4643990929705204,
0.48761904761904873,
0.4643990929705204,
0.4643990929705204,
0.46439909297052395,
0.4643990929705204,
0.48761904761904873,
0.4643990929705204,
0.4643990929705204,
0.46439909297052395,
0.4643990929705204,
0.48761904761904873,
0.4643990929705204,
0.4643990929705204,
0.46439909297052395,
0.4643990929705204,
0.4643990929705204,
0.48761904761904873,
0.4643990929705204,
0.4643990929705204,
0.46439909297052395,
0.46439909297052395,
0.48761904761904162,
0.46439909297052395,
0.46439909297052395,
0.46439909297051685,
0.46439909297052395,
0.48761904761904873,
0.46439909297052395,
0.46439909297051685,
0.46439909297052395,
0.46439909297052395,
0.46439909297051685,
0.48761904761904873,
0.46439909297052395,
0.46439909297051685,
0.46439909297052395,
0.46439909297052395,
0.48761904761904873,
0.46439909297051685,
0.46439909297052395,
0.46439909297052395,
0.46439909297051685,
0.48761904761904873,
0.46439909297052395,
0.46439909297051685,
0.46439909297052395,
0.46439909297052395,
0.46439909297051685,
0.48761904761904873,
0.46439909297052395,
0.46439909297052395,
0.46439909297051685,
0.46439909297052395,
0.48761904761904873,
0.46439909297051685,
0.46439909297052395,
0.46439909297052395,
0.46439909297051685,
0.48761904761904873,
0.46439909297052395,
0.46439909297052395,
0.46439909297051685,
0.46439909297052395,
0.46439909297052395,
0.48761904761904162,
0.46439909297052395,
0.46439909297052395,
0.46439909297051685,
0.46439909297052395,
0.48761904761904873,
0.46439909297052395,
0.46439909297051685,
0.46439909297052395,
0.46439909297051685,
0.48761904761904873,
0.46439909297052395,
0.46439909297052395,
0.46439909297051685,
0.46439909297052395,
0.48761904761904873,
0.48761904761904873,
0.48761904761904873,
0.48761904761904162,
0.46439909297052395,
0.44117913832199207,
0.46439909297052395,
0.46439909297051685,
0.44117913832199918,
0.46439909297052395,
0.51083900226757351,
0.46439909297052395,
0.44117913832199918,
0.44117913832198496,
0.51083900226757351,
0.44117913832199918,
0.48761904761904873,
0.46439909297052395,
0.46439909297052395,
0.46439909297050974,
0.46439909297052395,
0.46439909297052395,
0.48761904761904873,
0.46439909297052395,
0.46439909297052395,
0.46439909297052395,
0.46439909297050974,
0.48761904761904873,
0.46439909297052395,
0.46439909297052395,
0.46439909297052395,
0.46439909297052395,
0.48761904761904873,
0.46439909297050974,
0.46439909297052395,
0.46439909297052395,
0.46439909297052395,
0.46439909297052395,
0.48761904761904873,
0.46439909297050974,
0.46439909297052395,
0.46439909297052395,
0.46439909297052395,
0.48761904761904873,
0.46439909297052395,
0.46439909297052395,
0.46439909297050974,
0.46439909297052395,
0.48761904761904873,
0.46439909297052395,
0.46439909297052395,
0.46439909297052395,
0.46439909297050974,
0.46439909297052395,
0.48761904761904873,
0.46439909297052395,
0.46439909297052395,
0.46439909297052395,
0.46439909297050974,
0.48761904761904873,
0.46439909297052395,
0.46439909297052395,
0.46439909297052395,
0.46439909297052395,
0.48761904761904873,
0.46439909297050974,
0.46439909297052395,
0.46439909297052395,
0.46439909297052395,
0.46439909297052395,
0.48761904761904873,
0.46439909297052395,
0.46439909297050974,
0.46439909297052395,
0.46439909297052395,
0.48761904761904873,
0.46439909297052395,
0.46439909297052395,
0.46439909297050974,
0.46439909297052395,
0.48761904761904873,
0.46439909297052395,
0.46439909297052395,
0.46439909297052395,
0.46439909297052395,
0.46439909297050974,
0.48761904761904873,
0.46439909297052395,
0.46439909297052395,
0.46439909297052395,
0.46439909297052395,
0.48761904761904873,
0.46439909297050974,
0.46439909297052395,
0.46439909297052395,
0.46439909297052395,
0.48761904761904873,
0.46439909297052395,
0.46439909297050974,
0.46439909297052395,
0.46439909297052395,
0.46439909297052395,
0.48761904761904873,
0.46439909297052395,
0.46439909297052395,
0.46439909297050974,
0.46439909297052395,
0.48761904761904873,
0.46439909297052395,
0.46439909297052395,
0.46439909297052395,
0.46439909297050974,
0.48761904761904873,
0.46439909297052395,
0.46439909297052395,
0.46439909297052395,
0.46439909297052395,
0.46439909297050974,
0.48761904761904873,
0.46439909297052395,
0.46439909297052395,
0.46439909297052395,
0.46439909297052395,
0.48761904761904873,
0.46439909297050974,
0.46439909297052395,
0.46439909297052395,
0.46439909297052395,
0.48761904761904873,
0.46439909297052395,
0.46439909297052395,
0.46439909297050974,
0.46439909297052395,
0.46439909297052395,
0.48761904761904873,
0.46439909297052395,
0.46439909297052395,
0.46439909297050974,
0.46439909297052395,
0.48761904761904873,
0.46439909297052395,
0.46439909297052395,
0.46439909297052395,
0.46439909297052395,
0.4179591836734744,
0.44117913832198496,
0.46439909297052395,
0.46439909297052395,
0.46439909297052395,
0.46439909297052395,
0.48761904761903452,
0.46439909297052395,
0.46439909297052395,
0.46439909297052395,
0.46439909297052395,
0.46439909297052395,
0.48761904761903452,
0.46439909297052395,
0.46439909297052395,
0.46439909297052395,
0.46439909297052395,
0.46439909297052395,
0.48761904761903452,
0.46439909297052395,
0.46439909297052395,
0.46439909297052395,
0.48761904761903452,
0.46439909297052395,
0.46439909297052395,
0.46439909297052395,
0.48761904761906294,
0.46439909297049553,
0.46439909297052395,
0.46439909297052395,
0.46439909297052395,
0.46439909297052395,
0.48761904761906294,
0.46439909297052395,
0.46439909297049553,
0.46439909297052395,
0.46439909297052395,
0.46439909297052395,
0.48761904761906294,
0.46439909297052395,
0.46439909297049553,
0.46439909297052395,
0.46439909297052395,
0.46439909297052395,
0.48761904761906294,
0.46439909297052395,
0.46439909297052395,
0.46439909297049553,
0.46439909297052395,
0.48761904761906294,
0.46439909297052395,
0.46439909297052395,
0.48761904761903452,
0.46439909297052395,
0.46439909297052395,
0.46439909297052395,
0.46439909297052395,
0.46439909297052395,
0.48761904761903452,
0.46439909297052395,
0.46439909297052395,
0.46439909297052395,
0.48761904761903452,
0.53405895691611249,
0.48761904761903452,
0.46439909297052395,
0.46439909297052395,
0.46439909297052395,
0.46439909297052395,
0.46439909297052395,
0.48761904761903452,
0.46439909297052395,
0.46439909297052395,
0.46439909297052395,
0.46439909297052395,
0.48761904761906294,
0.46439909297049553,
0.46439909297052395,
0.46439909297052395,
0.46439909297052395,
0.46439909297052395,
0.48761904761906294,
0.46439909297049553,
0.46439909297052395,
0.46439909297052395,
0.46439909297052395,
0.48761904761906294,
0.46439909297052395,
0.46439909297049553,
0.46439909297052395,
0.46439909297052395,
0.48761904761906294,
0.46439909297052395,
0.46439909297052395,
0.46439909297052395,
0.46439909297049553,
0.46439909297052395,
0.48761904761906294,
0.46439909297052395,
0.46439909297052395,
0.46439909297052395,
0.46439909297049553,
0.48761904761906294,
0.46439909297052395,
0.46439909297052395,
0.46439909297052395,
0.46439909297052395,
0.48761904761903452,
0.46439909297052395,
0.46439909297052395,
0.46439909297052395,
0.46439909297052395,
0.46439909297052395,
0.48761904761903452,
0.46439909297052395,
0.46439909297052395,
0.46439909297052395,
0.46439909297052395,
0.48761904761903452,
0.46439909297052395,
0.46439909297052395,
0.46439909297052395,
0.46439909297052395,
0.48761904761903452,
0.46439909297052395,
0.46439909297052395,
0.46439909297052395,
0.44117913832198496,
0.46439909297052395,
0.46439909297052395,
0.46439909297052395,
0.48761904761906294,
0.48761904761903452,
0.48761904761906294,
0.46439909297052395,
0.46439909297049553,
0.46439909297052395,
0.46439909297052395,
0.46439909297052395,
0.48761904761906294,
0.46439909297052395,
0.46439909297049553,
0.46439909297052395,
0.46439909297052395,
0.46439909297052395,
0.46439909297052395,
0.48761904761906294,
0.46439909297049553,
0.46439909297052395,
0.46439909297052395,
0.48761904761906294,
0.46439909297052395,
0.46439909297052395,
0.46439909297052395,
0.46439909297049553,
0.48761904761906294,
0.46439909297052395,
0.46439909297052395,
0.46439909297052395,
0.46439909297052395,
0.48761904761903452,
0.46439909297052395,
0.46439909297052395,
0.46439909297052395,
0.46439909297052395,
0.46439909297052395,
0.48761904761903452,
0.46439909297052395,
0.46439909297052395,
0.46439909297052395,
0.46439909297052395,
0.46439909297052395,
0.48761904761903452,
0.46439909297052395,
0.46439909297052395,
0.46439909297052395,
0.46439909297052395,
0.46439909297052395,
0.48761904761903452,
0.46439909297052395,
0.46439909297052395,
0.46439909297052395,
0.48761904761903452,
0.46439909297052395,
0.46439909297052395,
0.46439909297052395,
0.46439909297052395,
0.46439909297052395,
0.48761904761903452,
0.46439909297052395,
0.46439909297052395,
0.46439909297052395,
0.46439909297052395,
0.48761904761906294,
0.46439909297049553,
0.46439909297052395,
0.46439909297052395,
0.46439909297052395,
0.48761904761906294,
0.46439909297052395,
0.46439909297049553,
0.46439909297052395,
0.46439909297052395,
0.46439909297052395,
0.46439909297052395,
0.48761904761906294,
0.46439909297049553,
0.46439909297052395,
0.46439909297052395,
0.46439909297052395,
0.48761904761906294,
0.46439909297052395,
0.46439909297052395,
0.46439909297049553,
0.48761904761906294,
0.46439909297052395,
0.46439909297052395,
0.46439909297052395,
0.46439909297052395,
0.46439909297049553,
0.46439909297052395,
0.48761904761906294,
0.46439909297052395,
0.46439909297052395,
0.46439909297052395,
0.46439909297052395,
0.48761904761903452,
0.46439909297052395,
0.46439909297052395,
0.46439909297052395,
0.48761904761903452,
0.46439909297052395,
0.46439909297052395,
0.46439909297052395,
0.46439909297052395,
0.46439909297052395,
0.46439909297052395,
0.48761904761903452,
0.46439909297052395,
0.46439909297052395,
0.46439909297052395,
0.48761904761903452,
0.46439909297052395,
0.46439909297052395,
0.46439909297052395,
0.46439909297052395,
0.48761904761903452,
0.46439909297052395,
0.46439909297052395,
0.46439909297052395,
0.46439909297052395,
0.48761904761906294,
0.46439909297052395,
0.46439909297049553,
0.46439909297052395,
0.48761904761906294,
0.46439909297052395,
0.46439909297052395,
0.46439909297052395,
0.46439909297049553,
0.46439909297052395